7.152557373046875e-07 1.096801003523464
0.003122091293334961 1.096801003523464
0.0062563419342041016 1.096801003523464
0.009454727172851562 1.096801003523464
0.01379847526550293 1.096801003523464
0.017103910446166992 1.096727569894404
0.02066349983215332 1.096727569894404
0.024428606033325195 1.096727569894404
0.027265310287475586 1.096727569894404
0.03053903579711914 1.012204799898931
0.033690452575683594 1.012204799898931
0.036562204360961914 1.0111950075139289
0.0393221378326416 1.0111950075139289
0.04237055778503418 1.0101673166250498
0.045758962631225586 1.0091485855753972
0.04868316650390625 1.0091485855753972
0.05176591873168945 1.0091485855753972
0.055472612380981445 1.0081154153331595
0.05903744697570801 1.0070762744086863
0.06260275840759277 1.0060412942746542
0.06626510620117188 1.0015975369218442
0.06897926330566406 1.0015975369218442
0.07190871238708496 1.0005819087029422
0.07477998733520508 1.0005819087029422
0.07824873924255371 0.9996061491072732
0.08134126663208008 0.998673216108711
0.0844583511352539 0.998673216108711
0.08807110786437988 0.9977973752127198
0.09116244316101074 0.9969825551909536
0.0940093994140625 0.9969825551909536
0.09727048873901367 0.9962376917522068
0.10024142265319824 0.9962376917522068
0.10316014289855957 0.9955771712509993
0.10599875450134277 0.9949926561645532
0.10930180549621582 0.9940445512092008
0.11231207847595215 0.9935535930236588
0.11617255210876465 0.9931123389277029
0.12090396881103516 0.9928304581665761
0.12393355369567871 0.9928304581665761
0.12684226036071777 0.9926408191789867
0.12957429885864258 0.9926408191789867
0.13204431533813477 0.9925974286884794
0.1347827911376953 0.9925974286884794
0.13804149627685547 0.9926715991056664
0.14086365699768066 0.9926715991056664
0.1439213752746582 0.9928683620809967
0.14704084396362305 0.9931823517719224
0.14993858337402344 0.9931823517719224
0.15501642227172852 0.9936277871572282
0.15766096115112305 0.9941057729391963
0.15999364852905273 0.9941057729391963
0.16237139701843262 0.9947837983623785
0.1647324562072754 0.9947837983623785
0.1673743724822998 0.9955884741864116
0.1702873706817627 0.9955884741864116
0.17246055603027344 0.9965111179251499
0.17467594146728516 0.9965111179251499
0.17698431015014648 0.9975594447923287
0.17910432815551758 0.9975594447923287
0.18150043487548828 0.9987206402273052
0.18439912796020508 0.9987206402273052
0.18766260147094727 0.9999929212778472
0.19045209884643555 0.9999929212778472
0.19330239295959473 1.0013800318710278
0.19585847854614258 1.0013800318710278
0.19858765602111816 1.0028825713807927
0.20222115516662598 1.0044753156536281
0.20575833320617676 1.0048689064180671
0.2093815803527832 1.0066117817816929
0.2126619815826416 1.0084449237711854
0.21779394149780273 1.0101409288044723
0.22086191177368164 1.0101409288044723
0.22423958778381348 1.012103046176996
0.22725510597229004 1.014121069493028
0.23041200637817383 1.014121069493028
0.23341155052185059 1.0162139894997215
0.2367405891418457 1.0183941960282943
0.23955941200256348 1.0183941960282943
0.2429041862487793 1.0206298937631635
0.24581122398376465 1.0206298937631635
0.25043487548828125 1.0229221817216856
0.2540099620819092 1.0262006950745506
0.25794029235839844 1.0286257125410643
0.26088523864746094 1.0286257125410643
0.2639811038970947 1.031065149681583
0.26750659942626953 1.0335644809317748
0.2705514430999756 1.0335644809317748
0.2738380432128906 1.036088274390657
0.27701807022094727 1.0386277029738828
0.2805464267730713 1.0386277029738828
0.2857658863067627 1.0411592162771608
0.28941941261291504 1.0436867321617418
0.2924199104309082 1.04625278542662
0.2952091693878174 1.04625278542662
0.2981884479522705 1.046723298919046
0.30128979682922363 1.0518045078726768
0.3042573928833008 1.0518045078726768
0.3072819709777832 1.0542729011356617
0.31016969680786133 1.0543205515677654
0.31313419342041016 1.0568117461466686
0.3175010681152344 1.0594583456536484
0.32098913192749023 1.0594583456536484
0.32474350929260254 1.0618401352445714
0.3274502754211426 1.0642009142089497
0.33009839057922363 1.0642009142089497
0.3326528072357178 1.0665463786554557
0.3351097106933594 1.0665463786554557
0.3382856845855713 1.0688436047504166
0.34116363525390625 1.0688436047504166
0.3437786102294922 1.0688436047504166
0.3465278148651123 1.0710482525863885
0.3503990173339844 1.0736646841931918
0.3536195755004883 1.0757817182139384
0.35668182373046875 1.0757817182139384
0.35992431640625 1.077867333714669
0.36332201957702637 1.077867333714669
0.3670005798339844 1.0817551448751022
0.37061619758605957 1.0817551448751022
0.37435388565063477 1.0836078337431905
0.37835240364074707 1.0853875978904974
0.38275146484375 1.0871036105765928
0.3870267868041992 1.0871036105765928
0.3908696174621582 1.0887334606700043
0.3951442241668701 1.0905145251128905
0.39887022972106934 1.0919529053027743
0.4026012420654297 1.0932977975498102
0.4060852527618408 1.0932977975498102
0.40978264808654785 1.094556164507289
0.41326475143432617 1.0957294656242154
0.41724467277526855 1.0968264413766189
0.425398588180542 1.0978394828923805
0.4309232234954834 1.0987710558342842
0.4360480308532715 1.0987710558342842
0.4420335292816162 1.0999825824407192
0.44815850257873535 1.1007697751783763
0.45270824432373047 1.1013556035088674
0.460385799407959 1.1020862952206125
0.46474528312683105 1.1025828375122517
0.4687199592590332 1.103021228135536
0.47268223762512207 1.103685336296647
0.4761495590209961 1.103685336296647
0.4800446033477783 1.1037514787288762
0.48398709297180176 1.1037368167646218
0.4887266159057617 1.103908706713045
0.49246692657470703 1.1036521040800227
0.49645495414733887 1.1036521040800227
0.4998464584350586 1.1036521040800227
0.5028128623962402 1.10341670403325
0.5059452056884766 1.1031182755966844
0.5092439651489258 1.1027445702493628
0.5127367973327637 1.102320067636197
0.515683650970459 1.102320067636197
0.5189976692199707 1.1018237872296748
0.523827075958252 1.1012879181392172
0.5274314880371094 1.1012879181392172
0.5305471420288086 1.1008442806570837
0.5332386493682861 1.1003366582879808
0.5359959602355957 1.1003366582879808
0.5384671688079834 1.099803672385654
0.5410761833190918 1.099803672385654
0.5451767444610596 1.099803672385654
0.5491328239440918 1.0981657925160735
0.5536210536956787 1.0981657925160735
0.5571727752685547 1.0974833497597334
0.5598104000091553 1.0967894790959767
0.5625629425048828 1.0961011137562808
0.565371036529541 1.0961011137562808
0.5686135292053223 1.0954154294508072
0.571293830871582 1.0954154294508072
0.5737817287445068 1.0955126387064433
0.5761933326721191 1.0951039557777562
0.5787382125854492 1.094697168567622
0.5813977718353271 1.094697168567622
0.5854005813598633 1.0942823763115106
0.5879333019256592 1.0925907134749389
0.5905213356018066 1.0925907134749389
0.5932157039642334 1.0919819657999055
0.5977141857147217 1.0913756445938916
0.600895881652832 1.0913756445938916
0.6046154499053955 1.0907667111423307
0.6085166931152344 1.0901562022451181
0.6114203929901123 1.0901562022451181
0.6140632629394531 1.0895422488051214
0.6199948787689209 1.0883801222945073
0.6226754188537598 1.0879376776532632
0.6252098083496094 1.0879376776532632
0.627568244934082 1.0879376776532632
0.6302170753479004 1.0875132571681276
0.6325757503509521 1.087094177154595
0.6350915431976318 1.087094177154595
0.6377830505371094 1.084868811331553
0.6403522491455078 1.084868811331553
0.6431195735931396 1.0842448295053424
0.6466343402862549 1.0842448295053424
0.6524813175201416 1.0836085638414172
0.6560935974121094 1.0829822078912377
0.6590023040771484 1.082358742583893
0.6616787910461426 1.0807087489694929
0.6647176742553711 1.0800715962060172
0.667471170425415 1.0800715962060172
0.6710445880889893 1.079095977567645
0.675400972366333 1.078470477776666
0.6792125701904297 1.0778275779553028
0.6822798252105713 1.0778275779553028
0.6882839202880859 1.0765598548832136
0.6915724277496338 1.0765598548832136
0.6946070194244385 1.075921784249554
0.6978871822357178 1.0752787977578806
0.7006645202636719 1.0752787977578806
0.704639196395874 1.0733295280325
0.7094423770904541 1.0717204363248183
0.7122983932495117 1.0717204363248183
0.715519905090332 1.0709543534579848
0.722287654876709 1.0701643887025645
0.7256355285644531 1.069434550431658
0.7286224365234375 1.0686751060015927
0.731194257736206 1.0686751060015927
0.7343435287475586 1.0678940352830342
0.7368965148925781 1.0678940352830342
0.7394707202911377 1.0671307946207507
0.741919755935669 1.0671307946207507
0.7445082664489746 1.0663661687981547
0.7474091053009033 1.0663661687981547
0.7506442070007324 1.0655868248070994
0.7533659934997559 1.0636674023210808
0.7565464973449707 1.0636674023210808
0.7595188617706299 1.0625838835387236
0.7624788284301758 1.0625838835387236
0.7655410766601562 1.061751141579377
0.7685000896453857 1.0609116945515606
0.7718484401702881 1.0609116945515606
0.7748568058013916 1.0600695644670868
0.7779605388641357 1.0592198927214629
0.781055212020874 1.0592198927214629
0.7856717109680176 1.0592198927214629
0.788860559463501 1.0592198927214629
0.7916710376739502 1.0583641628060239
0.7947177886962891 1.0575124943473526
0.797879695892334 1.0561236310416524
0.8009026050567627 1.0552473928734334
0.8047642707824707 1.0551914251240286
0.808424711227417 1.0534849052497621
0.8115279674530029 1.0534849052497621
0.814704179763794 1.0534849052497621
0.8186519145965576 1.0526214202341606
0.8236534595489502 1.0517494898309125
0.829648494720459 1.0500178538737954
0.8353767395019531 1.0491499784789984
0.8399853706359863 1.0482762970467465
0.8431270122528076 1.0473930836058456
0.8459374904632568 1.0473930836058456
0.8488214015960693 1.0458934910750703
0.8537502288818359 1.0458934910750703
0.857264518737793 1.0447760907699921
0.8603947162628174 1.0447760907699921
0.879467248916626 1.044036209005347
0.8827083110809326 1.0431508258813917
0.8863785266876221 1.0431508258813917
0.8901243209838867 1.0404743595472743
0.8937642574310303 1.0381279426797416
0.8968799114227295 1.0372195300659786
0.9000658988952637 1.036313538668597
0.903343915939331 1.036313538668597
0.9065878391265869 1.0350577553696791
0.9099047183990479 1.03410295946014
0.9134209156036377 1.03410295946014
0.9175601005554199 1.0331464209060293
0.9232261180877686 1.032185531055098
0.9272806644439697 1.0311465050250963
0.9311368465423584 1.0301789997815984
0.9349572658538818 1.0292017222342342
0.9383838176727295 1.02873675261029
0.9421489238739014 1.02776382804106
0.9456090927124023 1.0276975623370654
0.9488561153411865 1.026712742962312
0.954345703125 1.025722245231527
0.9589858055114746 1.0247481368282045
0.9624590873718262 1.0247481368282045
0.9659891128540039 1.0237722663565474
0.9692690372467041 1.0227889782955222
0.972862958908081 1.0218100898911198
0.977025032043457 1.0208231814815087
0.9813530445098877 1.019817491068327
0.9890151023864746 1.018559315489737
0.9926397800445557 1.017567912871831
0.9973080158233643 1.016554924483934
1.0006582736968994 1.0155569826944746
1.003708839416504 1.0155569826944746
1.006728172302246 1.0145416678733328
1.0099778175354004 1.0135214778880526
1.013559103012085 1.0135214778880526
1.0227482318878174 1.0125017413979704
1.0264687538146973 1.0125017413979704
1.0300071239471436 1.0125017413979704
1.032975435256958 1.0114800396003822
1.037329912185669 1.0080495686087416
1.0405094623565674 1.0070112266802065
1.0430986881256104 1.0070112266802065
1.0458710193634033 1.0059734988440054
1.0482256412506104 1.0059734988440054
1.05147123336792 1.0059734988440054
1.0545313358306885 1.0049296757877015
1.0576281547546387 1.0038860219008046
1.0608205795288086 1.002826314762598
1.0635156631469727 1.002826314762598
1.0661871433258057 1.0017888280947864
1.0687706470489502 1.0017888280947864
1.0717153549194336 1.0017888280947864
1.074404001235962 1.0007563996333997
1.076991081237793 0.9997691453598739
1.079942226409912 0.9988235595435248
1.0827908515930176 0.9988235595435248
1.0867445468902588 0.9973048418862895
1.0893025398254395 0.9973048418862895
1.0919468402862549 0.9966083152481519
1.0942134857177734 0.9966083152481519
1.0967683792114258 0.9958383454917539
1.0992441177368164 0.9958383454917539
1.1018884181976318 0.9958383454917539
1.1044199466705322 0.9951398425369433
1.1071176528930664 0.9945179586867325
1.1099271774291992 0.9940021580852211
1.1125810146331787 0.9940021580852211
1.1153321266174316 0.9935716777620538
1.1210072040557861 0.9932048598599933
1.1240971088409424 0.9932048598599933
1.1272902488708496 0.9926376635392986
1.1298496723175049 0.9926125840743927
1.1326537132263184 0.992528953999517
1.135552167892456 0.9925078551996173
1.1383063793182373 0.9925401201712697
1.141038179397583 0.9926899529713892
1.1436307430267334 0.9926899529713892
1.146395206451416 0.9926899529713892
1.1493782997131348 0.9929634783617175
1.1551175117492676 0.9934772552185256
1.1581716537475586 0.9938728569300611
1.1610589027404785 0.9945039778219842
1.164231538772583 0.9945039778219842
1.166991949081421 0.9952650432460453
1.1702442169189453 0.9952650432460453
1.174445629119873 0.9961558746088035
1.178588628768921 0.9972524249289013
1.1823294162750244 0.9983889509902918
1.1877024173736572 0.9996966326035963
1.1906092166900635 0.9996966326035963
1.1935572624206543 0.9996966326035963
1.1963355541229248 1.0009818865818654
1.199404001235962 1.0024310503924112
1.2030713558197021 1.0040081626829849
1.2063143253326416 1.0056745360520571
1.2095615863800049 1.0056745360520571
1.2128987312316895 1.0074415182827672
1.2166287899017334 1.0093153070310175
1.2222263813018799 1.0112718895994304
1.2259297370910645 1.0139443474622003
1.229323148727417 1.0139443474622003
1.2327635288238525 1.0160828271695572
1.23591947555542 1.0160828271695572
1.2392570972442627 1.018255683122055
1.2429847717285156 1.0205156097615635
1.2466223239898682 1.0228329947558332
1.2500700950622559 1.0228329947558332
1.2559010982513428 1.0251827708477523
1.260362148284912 1.0273464425910699
1.2643883228302002 1.0296096157691834
1.2677485942840576 1.0319573960929425
1.2709777355194092 1.0319573960929425
1.2742846012115479 1.0354271800647814
1.2789959907531738 1.0380214044529814
1.282787799835205 1.0405326880490238
1.2881286144256592 1.0431349926323474
1.2917561531066895 1.045656473924412
1.295602798461914 1.045656473924412
1.2992944717407227 1.0481813185116264
1.3028101921081543 1.0481813185116264
1.30592679977417 1.0481813185116264
1.3110480308532715 1.0556787453049266
1.3147389888763428 1.0556787453049266
1.3179852962493896 1.0581014057800993
1.3229844570159912 1.0605396884693277
1.3267230987548828 1.0634454099018833
1.3302555084228516 1.0634454099018833
1.3335793018341064 1.0657693018732577
1.337238073348999 1.0680848880568985
1.3412013053894043 1.0703073935695033
1.344963550567627 1.0703073935695033
1.3502037525177002 1.0724920792964983
1.3556931018829346 1.0746691834177338
1.360060214996338 1.0767260277408954
1.3635807037353516 1.0787219372762085
1.3672082424163818 1.080675092487401
1.3714261054992676 1.08257636370754
1.3743979930877686 1.08257636370754
1.3774518966674805 1.0845777929583778
1.3806393146514893 1.0845777929583778
1.3839380741119385 1.0862544082098873
1.3881373405456543 1.0880189761190007
1.3913068771362305 1.0894307887240753
1.394376277923584 1.0894307887240753
1.3973608016967773 1.0894307887240753
1.4004113674163818 1.0908950635920456
1.4034643173217773 1.0908950635920456
1.4065735340118408 1.0908950635920456
1.4098119735717773 1.093578987830039
1.413548231124878 1.0952186070783791
1.417781114578247 1.0952186070783791
1.4211809635162354 1.0963753410194594
1.424485206604004 1.0966289345417901
1.4275996685028076 1.0976811412162402
1.4312286376953125 1.099523800717018
1.4343163967132568 1.099523800717018
1.4372780323028564 1.099523800717018
1.4403252601623535 1.100314992130974
1.4432744979858398 1.100314992130974
1.4464075565338135 1.101642428069376
1.4508037567138672 1.101642428069376
1.4540984630584717 1.101642428069376
1.4572441577911377 1.1026185174134024
1.4601795673370361 1.1026185174134024
1.462982416152954 1.102974763942884
1.4656331539154053 1.103300537558591
1.4682846069335938 1.1035598049930575
1.4711642265319824 1.1037433021597356
1.4735724925994873 1.1037433021597356
1.4762656688690186 1.1038094589009326
1.4787616729736328 1.1038094589009326
1.4813868999481201 1.1039012734849323
1.485400676727295 1.1039198276162492
1.4881319999694824 1.1038977857515508
1.490628719329834 1.1038977857515508
1.4931349754333496 1.103766964767443
1.495802879333496 1.103766964767443
1.4985992908477783 1.1035621258422659
1.5014927387237549 1.1032915623454826
1.5042827129364014 1.1032915623454826
1.5070397853851318 1.1029491139822056
1.5095877647399902 1.1029491139822056
1.5125694274902344 1.1025432804301263
1.5150694847106934 1.1025432804301263
1.518937349319458 1.1021128242820388
1.5215497016906738 1.101621706388381
1.5240726470947266 1.101621706388381
1.5268940925598145 1.1010944907531937
1.5294404029846191 1.1010944907531937
1.5320780277252197 1.100527559743252
1.5347857475280762 1.100527559743252
1.5377514362335205 1.0999185112678522
1.540679693222046 1.0999185112678522
1.5434908866882324 1.099287006454824
1.546565055847168 1.0986259437957009
1.550279140472412 1.0986259437957009
1.5540242195129395 1.0978473263086563
1.5574970245361328 1.0971598228477875
1.5610806941986084 1.0971859877473866
1.564018726348877 1.0967769910016922
1.5676767826080322 1.09636502288768
1.5704545974731445 1.09636502288768
1.5732178688049316 1.0959551548649669
1.5756230354309082 1.0959551548649669
1.5785465240478516 1.0955493887217238
1.5820708274841309 1.0937394843011343
1.5862751007080078 1.0937394843011343
1.5890171527862549 1.0937394843011343
1.5914433002471924 1.093137607882533
1.5941228866577148 1.0925381330645874
1.5972421169281006 1.0925381330645874
1.599677324295044 1.0919282385490674
1.601992130279541 1.091330286006069
1.6045217514038086 1.091330286006069
1.606900691986084 1.0905490075313402
1.609588384628296 1.0905490075313402
1.6118929386138916 1.0897602033280505
1.6140656471252441 1.0894137976272484
1.6180150508880615 1.088985424303515
1.6205172538757324 1.088985424303515
1.6225886344909668 1.088572406826531
1.6245343685150146 1.088572406826531
1.626504898071289 1.088572406826531
1.6294341087341309 1.0881519335784666
1.6314060688018799 1.0881519335784666
1.6332674026489258 1.0881519335784666
1.6352260112762451 1.0859659104342778
1.6373844146728516 1.085338428445475
1.6396896839141846 1.085338428445475
1.6417622566223145 1.0847213250194234
1.644287109375 1.0847213250194234
1.6465790271759033 1.0847213250194234
1.6491212844848633 1.0840949944010938
1.6517071723937988 1.0840949944010938
1.6554105281829834 1.0830129838677334
1.6578161716461182 1.0825856609932838
1.6600501537322998 1.0825856609932838
1.6623740196228027 1.0806643514428464
1.664799451828003 1.0806643514428464
1.6674072742462158 1.0800309899976548
1.6700448989868164 1.0800309899976548
1.673325538635254 1.0793816953720272
1.6768240928649902 1.0787426294235343
1.6804907321929932 1.0787426294235343
1.6834402084350586 1.078108493470771
1.693190097808838 1.077455272409831
1.6962063312530518 1.077455272409831
1.6999483108520508 1.075055968527983
1.7054684162139893 1.073090017036171
1.7108776569366455 1.0723518153591272
1.7154276371002197 1.0715972820679467
1.7193562984466553 1.0708534102969134
1.724717617034912 1.0708534102969134
1.7288498878479004 1.0693272372874543
1.7335026264190674 1.0685641685230287
1.7380900382995605 1.0678027773567003
1.742269515991211 1.0658630726082334
1.7458324432373047 1.0658630726082334
1.7495553493499756 1.065095338255108
1.7542641162872314 1.06431933792698
1.7584364414215088 1.0635435751883575
1.7622826099395752 1.0627602267043006
1.765894889831543 1.0627602267043006
1.7697784900665283 1.0619767586414597
1.7736144065856934 1.060544719171637
1.7773630619049072 1.0596891121421026
1.7806644439697266 1.0596891121421026
1.7864980697631836 1.0582182271848586
1.791414499282837 1.057368835053262
1.7963275909423828 1.0565184721570642
1.8009841442108154 1.0556470986434028
1.8056628704071045 1.0556470986434028
1.8093361854553223 1.054783348593364
1.8128187656402588 1.0530478653256035
1.8162870407104492 1.0530478653256035
1.820634365081787 1.052183139063361
1.8258459568023682 1.0512982980564454
1.8300693035125732 1.050270780177738
1.834104061126709 1.0493925513389828
1.83894681930542 1.0479818955853775
1.843108892440796 1.0479818955853775
1.8469016551971436 1.0471078048695623
1.8532605171203613 1.046226902690877
1.857010841369629 1.0453443669386784
1.861004114151001 1.0444532199385663
1.8647973537445068 1.043573308374226
1.8684990406036377 1.0426702969613006
1.8721837997436523 1.0426702969613006
1.8762497901916504 1.041783020181271
1.879838228225708 1.0408816090644295
1.8853051662445068 1.0392646432970312
1.8882970809936523 1.0383743550875995
1.8910713195800781 1.0383743550875995
1.8941054344177246 1.0374744862801089
1.8970355987548828 1.0374744862801089
1.8997275829315186 1.0374744862801089
1.9034204483032227 1.0365686655680617
1.90657639503479 1.0356585454584186
1.909691333770752 1.0344278331115389
1.9124417304992676 1.0344278331115389
1.9179043769836426 1.0334712889843574
1.9209227561950684 1.0325163801639097
1.9239470958709717 1.0315501231195205
1.9271240234375 1.0315501231195205
1.9305081367492676 1.0302468753729352
1.9340291023254395 1.0292359205435215
1.9374403953552246 1.0292003173153577
1.940377950668335 1.0282307735394927
1.9433948993682861 1.0272640113754872
1.946110725402832 1.0272640113754872
1.951188564300537 1.0262815726737993
1.9542112350463867 1.0253057696553904
1.9574120044708252 1.0253057696553904
1.9605178833007812 1.0243199755030483
1.96376633644104 1.0233316443212068
1.966749906539917 1.0233316443212068
1.969752311706543 1.0223331710962937
1.972865343093872 1.0223331710962937
1.976118803024292 1.021345446748836
1.9800982475280762 1.0203496483671655
1.9864418506622314 1.0190523759737453
1.990152359008789 1.0180496322700343
1.9931185245513916 1.0180496322700343
1.9972538948059082 1.0170430525284235
1.9999821186065674 1.0160358954370892
2.002851724624634 1.0160358954370892
2.0054221153259277 1.0160358954370892
2.008253574371338 1.015011988330912
2.0117032527923584 1.0139976365296828
2.0150351524353027 1.0129892559744067
2.0180811882019043 1.0129892559744067
2.0225257873535156 1.0119747914495953
2.025954246520996 1.0105601510771836
2.029916286468506 1.0095196230520707
2.0325543880462646 1.0095196230520707
2.035609245300293 1.0085013131221776
2.0384395122528076 1.0074581167753784
2.041241407394409 1.0074581167753784
2.0445334911346436 1.006420989069554
2.0479795932769775 1.006420989069554
2.050983428955078 1.0053842952695244
2.0548770427703857 1.0043178229380798
2.058034658432007 1.0043178229380798
2.060837507247925 1.003288724482403
2.0635054111480713 1.003288724482403
2.066347599029541 1.002249685507185
2.070047616958618 1.0012288581548543
2.07263445854187 1.0012288581548543
2.0753731727600098 0.9997717940191134
2.077603816986084 0.9997717940191134
2.0805704593658447 0.9987979901314405
2.0831055641174316 0.9987979901314405
2.0869781970977783 0.9978689603615964
2.089752197265625 0.9970054675649899
2.092319965362549 0.9970054675649899
2.094994306564331 0.9962150819860778
2.0973806381225586 0.9962150819860778
2.0997893810272217 0.9954891729971272
2.1032769680023193 0.9948297670025373
2.105421543121338 0.9948297670025373
2.1080422401428223 0.9948297670025373
2.110450506210327 0.994268389342011
2.1131179332733154 0.994268389342011
2.115414619445801 0.994268389342011
2.1189002990722656 0.9930493271379671
2.123338460922241 0.9927735856282377
2.1261467933654785 0.9927735856282377
2.1290931701660156 0.9926170847600103
2.1318321228027344 0.9926170847600103
2.1346113681793213 0.9925741579038689
2.138059139251709 0.9925741579038689
2.1410467624664307 0.992648760249678
2.144242763519287 0.992648760249678
2.1471893787384033 0.9928423517235959
2.1506636142730713 0.9928423517235959
2.155902862548828 0.9931607924391721
2.1590051651000977 0.9941579724667843
2.1619069576263428 0.9941579724667843
2.1651809215545654 0.9947897858338983
2.1681389808654785 0.9947897858338983
2.171114206314087 0.995591749921789
2.175248622894287 0.9965353434580982
2.1779303550720215 0.9965353434580982
2.1808245182037354 0.9975759374052706
2.183865547180176 0.9987474485090535
2.189129590988159 1.000033054262263
2.192404270172119 1.000033054262263
2.195779323577881 1.0014502467886888
2.1987268924713135 1.0029602548847945
2.2019095420837402 1.0029602548847945
2.205526351928711 1.0045708358563064
2.208768129348755 1.0062639170263226
2.211867094039917 1.006717277523918
2.2156004905700684 1.008514744493881
2.2195775508880615 1.0107730695007098
2.223095655441284 1.0107730695007098
2.2267816066741943 1.0122114277942271
2.23006272315979 1.0122114277942271
2.233217477798462 1.0142420444980396
2.2363829612731934 1.016306351713825
2.23974347114563 1.018474626063289
2.242947578430176 1.018474626063289
2.2458865642547607 1.0207218252740131
2.2489607334136963 1.022990346296046
2.252629518508911 1.022990346296046
2.2560389041900635 1.0262413548487734
2.2593271732330322 1.0286660552688065
2.262681484222412 1.0286660552688065
2.2661194801330566 1.0311359444542774
2.2694132328033447 1.033632166479829
2.272822141647339 1.033632166479829
2.2764413356781006 1.0361187037395958
2.2802822589874268 1.0386811163714478
2.2845771312713623 1.0412215884417668
2.288419723510742 1.0412215884417668
2.292476177215576 1.043751493723586
2.2958459854125977 1.0462829061315881
2.299238681793213 1.0492380003549655
2.3030028343200684 1.0493473258202604
2.3063766956329346 1.051843272503032
2.309724807739258 1.0543015803424745
2.3133060932159424 1.0543015803424745
2.3183045387268066 1.0567822050724716
2.3224375247955322 1.0592854701029615
2.3259146213531494 1.0616319155120066
2.329315662384033 1.0640003559794988
2.333012342453003 1.0640003559794988
2.3375918865203857 1.0663560145984752
2.341024398803711 1.06863037014567
2.3443031311035156 1.06863037014567
2.3485915660858154 1.0734976894250092
2.3559467792510986 1.0756057225609794
2.3596885204315186 1.0776641502717546
2.3639254570007324 1.0776641502717546
2.367894411087036 1.079663209221195
2.371924877166748 1.0815712374574837
2.3770158290863037 1.0834254358811057
2.380744218826294 1.0852172934962245
2.38555645942688 1.0869289009042251
2.3901376724243164 1.089080099433637
2.393807888031006 1.089080099433637
2.398122549057007 1.0905725975620313
2.401806116104126 1.0905725975620313
2.4058525562286377 1.0933490211471373
2.4099838733673096 1.0946041626156011
2.4143118858337402 1.0946041626156011
2.4241294860839844 1.0968794991675048
2.428044557571411 1.097884940856594
2.433053493499756 1.0992580176943534
2.4376044273376465 1.1001475939200716
2.4425930976867676 1.1007844036248513
2.447195529937744 1.1014151563250119
2.451775312423706 1.102158126404406
2.4588935375213623 1.1026446230452558
2.463691234588623 1.1030213985127397
2.4674015045166016 1.1033260771352484
2.471874952316284 1.1035434566382096
2.4755773544311523 1.1036780401008885
2.4791979789733887 1.1036780401008885
2.4825518131256104 1.1037294944748082
2.49066424369812 1.1038286474262577
2.495086669921875 1.1036630391194695
2.4991369247436523 1.1036630391194695
2.502979278564453 1.103434003968796
2.5068299770355225 1.10313872246163
2.510044813156128 1.1027243785891698
2.5151097774505615 1.1022812300775362
2.5203475952148438 1.1022812300775362
2.524099588394165 1.101661042671986
2.5272531509399414 1.1012442196158883
2.530348062515259 1.100656475300317
2.5332562923431396 1.100656475300317
2.5367894172668457 1.1003828427833766
2.539302349090576 1.1003828427833766
2.5421273708343506 1.0998376973730668
2.5447232723236084 1.0998376973730668
2.5474443435668945 1.0992873190678194
2.5506529808044434 1.0986943326319791
2.5553579330444336 1.0981131037640819
2.5585250854492188 1.0981131037640819
2.5617172718048096 1.0967482587556945
2.5648956298828125 1.0960508909806874
2.568070650100708 1.0960508909806874
2.571218729019165 1.0953507642862614
2.5742156505584717 1.0953507642862614
2.5769214630126953 1.0953507642862614
2.5799593925476074 1.0946556019091203
2.5831265449523926 1.0942414166561352
2.587825298309326 1.0942414166561352
2.5903079509735107 1.0942414166561352
2.5930237770080566 1.093697891713072
2.5963075160980225 1.0933510649795726
2.5991079807281494 1.0929276474276508
2.60215425491333 1.0909548149351376
2.605048418045044 1.0909548149351376
2.6080150604248047 1.0903490177670203
2.6111791133880615 1.089734156783138
2.6140286922454834 1.089734156783138
2.6191046237945557 1.0891200975187927
2.621973752975464 1.0885091583619075
2.625105619430542 1.087702756814804
2.627946138381958 1.0872778721921041
2.6306564807891846 1.0867533620349392
2.6332263946533203 1.0863313880205552
2.636098623275757 1.0859083045261986
2.6391968727111816 1.0859083045261986
2.6420068740844727 1.0854897477321073
2.644706964492798 1.0854897477321073
2.6474854946136475 1.08352380826998
2.652277708053589 1.0828056276491982
2.655259847640991 1.0828056276491982
2.6581592559814453 1.08226546312824
2.661186695098877 1.0816325761548429
2.663909673690796 1.0816325761548429
2.6664185523986816 1.0810109241538164
2.668996572494507 1.0810109241538164
2.6717417240142822 1.0803788798433909
2.6741130352020264 1.0803788798433909
2.6767287254333496 1.0797425272182701
2.6796257495880127 1.0780179307317537
2.6856164932250977 1.0773895533869455
2.6885204315185547 1.0773895533869455
2.6914162635803223 1.076111573092309
2.6942648887634277 1.076111573092309
2.6976635456085205 1.0754738137567497
2.7004384994506836 1.0754738137567497
2.703486204147339 1.0737284781532404
2.706742286682129 1.0729724139375554
2.709932565689087 1.0729724139375554
2.712817907333374 1.0722176347142338
2.721245288848877 1.0697144448546956
2.7252681255340576 1.0697144448546956
2.7292230129241943 1.0689589879354946
2.7324109077453613 1.0681970978949034
2.7357282638549805 1.0681970978949034
2.7393863201141357 1.0674235375775543
2.742794990539551 1.0666611968720303
2.7464423179626465 1.0658832082641572
2.749513864517212 1.0658832082641572
2.7528669834136963 1.0650972791857292
2.755964994430542 1.0643299684370988
2.7593600749969482 1.0643299684370988
2.7625749111175537 1.0635601565290993
2.765702962875366 1.0635601565290993
2.76963472366333 1.0613782947231118
2.773707151412964 1.0605345027128157
2.777190923690796 1.0596827261930133
2.780775785446167 1.0596827261930133
2.787428140640259 1.0579878234845168
2.7906620502471924 1.0579878234845168
2.79390025138855 1.057137129037231
2.797057628631592 1.0562927970397205
2.8007335662841797 1.0562927970397205
2.804415225982666 1.0562927970397205
2.8074138164520264 1.054595920802281
2.81034517288208 1.054595920802281
2.8147971630096436 1.0531807271325042
2.8179595470428467 1.052324911706898
2.8213911056518555 1.0514429271133137
2.826664447784424 1.0505807291877325
2.8299567699432373 1.0505807291877325
2.8331613540649414 1.0497108979656262
2.8364248275756836 1.0488421396466505
2.839956760406494 1.0488421396466505
2.8434250354766846 1.0479629677771425
2.853458881378174 1.0461912056572005
2.8601698875427246 1.0450300718214183
2.864264488220215 1.044429655530527
2.869277000427246 1.0429111828676951
2.8746373653411865 1.0420231558102009
2.8805861473083496 1.0411354636371029
2.88887095451355 1.0393387779157455
2.8940224647521973 1.038181252395372
2.897841215133667 1.0372912264946195
2.9016101360321045 1.0372912264946195
2.9052398204803467 1.0363821383425464
2.909452438354492 1.0345877811297837
2.913458824157715 1.0335974067434572
2.9176902770996094 1.03355841530716
2.9235928058624268 1.0326166127592977
2.9284911155700684 1.0309944753266478
2.9321703910827637 1.030035608280828
2.9357290267944336 1.030035608280828
2.938969612121582 1.0290627290542078
2.943006992340088 1.0280907881137569
2.9466001987457275 1.0271034470869074
2.950021743774414 1.0271034470869074
2.9554824829101562 1.0261342978597594
2.959221363067627 1.0248318133776857
2.962329149246216 1.023845755286559
2.9654619693756104 1.023845755286559
2.9689035415649414 1.0228691753523975
2.972337007522583 1.021868020734415
2.9754436016082764 1.021868020734415
2.9783565998077393 1.020868525897472
2.981658458709717 1.0198784209958895
2.9850945472717285 1.0198784209958895
2.988586664199829 1.0188739661508652
2.991521120071411 1.0188739661508652
2.9946932792663574 1.0178746497194793
2.9975311756134033 1.0168784907786625
3.0007588863372803 1.016538699133186
3.003420829772949 1.0155212004535021
3.006457567214966 1.0145068496322018
3.0091300010681152 1.0145068496322018
3.0119595527648926 1.0134851151361477
3.014542579650879 1.0134851151361477
3.017874002456665 1.0124523432428456
3.020601511001587 1.0124523432428456
3.023871898651123 1.0114415928626341
3.02663516998291 1.010405591373931
3.0295307636260986 1.010405591373931
3.0322265625 1.0093943566492125
3.0349342823028564 1.0093943566492125
3.037461519241333 1.0093943566492125
3.0404446125030518 1.0083490757376703
3.043123960494995 1.0073059632703785
3.046067953109741 1.0068911296750434
3.048696279525757 1.005850461364337
3.0519351959228516 1.0047537889107432
3.0543668270111084 1.0047537889107432
3.0568854808807373 1.0037090069686385
3.0598113536834717 1.0037090069686385
3.0625107288360596 1.0026595969945191
3.06526780128479 1.0026595969945191
3.0677950382232666 1.0026595969945191
3.070446729660034 1.0016240022860046
3.0729238986968994 1.0016240022860046
3.0755693912506104 1.0016240022860046
3.0782694816589355 1.0005921143396383
3.0826964378356934 0.9986341804210959
3.087538957595825 0.997722782056638
3.0905728340148926 0.997722782056638
3.09371018409729 0.9965362478846883
3.0967459678649902 0.9957578696572303
3.0994417667388916 0.9957578696572303
3.1025238037109375 0.9950641597248797
3.1054251194000244 0.9950641597248797
3.1083779335021973 0.9944463850069847
3.111267328262329 0.9944463850069847
3.1141891479492188 0.9939131195500537
3.1184208393096924 0.9934846584472857
3.121803045272827 0.9931688404204221
3.1250715255737305 0.9931688404204221
3.1289260387420654 0.9929488080262777
3.132859468460083 0.9928396440787467
3.137004852294922 0.9925312726223035
3.140775442123413 0.9925312726223035
3.14442777633667 0.9926565799460806
3.1479029655456543 0.9926565799460806
3.151550769805908 0.9929038156784762
3.1552467346191406 0.9932762485944575
3.1588664054870605 0.9937554891781955
3.1623096466064453 0.9943603572936983
3.1660215854644775 0.9943603572936983
3.169386625289917 0.9943603572936983
3.172774314880371 0.995094371502654
3.176309108734131 0.9959466682902964
3.179521322250366 0.9969143899201643
3.1834731101989746 0.9981047507969485
3.1870787143707275 0.9992849330510883
3.1902527809143066 0.9992849330510883
3.1926462650299072 1.0006065944879476
3.1950292587280273 1.0006065944879476
3.19732403755188 1.0020369027543208
3.1999690532684326 1.0020369027543208
3.202293872833252 1.0035926824180736
3.2046048641204834 1.0035926824180736
3.2068703174591064 1.0052010874919939
3.2094695568084717 1.0052010874919939
3.211968421936035 1.0069674115750107
3.214869260787964 1.0069674115750107
3.218036651611328 1.0087733788553568
3.2224647998809814 1.0087733788553568
3.225952625274658 1.011283414101653
3.2294459342956543 1.0133180887641728
3.232848882675171 1.0154591003243854
3.236222743988037 1.0154591003243854
3.2392783164978027 1.0176395960888431
3.242039680480957 1.0198831301904623
3.2448222637176514 1.0198831301904623
3.2480673789978027 1.0221901803114555
3.2515008449554443 1.024551339660937
3.255382776260376 1.024551339660937
3.258538246154785 1.0269541966553797
3.2621376514434814 1.028867900303246
3.2653133869171143 1.028867900303246
3.268467664718628 1.0313005259321997
3.2717432975769043 1.0337805809084206
3.2750837802886963 1.0337805809084206
3.278110980987549 1.0373129658022353
3.281790256500244 1.0398507936286654
3.285374402999878 1.0398507936286654
3.290985584259033 1.0398507936286654
3.294538974761963 1.0423550312669267
3.2980992794036865 1.044892607334212
3.301267147064209 1.044892607334212
3.304676055908203 1.0474005563920166
3.308633327484131 1.0524327277822194
3.3118159770965576 1.0549412761117558
3.3154184818267822 1.0549412761117558
3.320589303970337 1.0549412761117558
3.3242766857147217 1.05984981854614
3.328010320663452 1.062252921226927
3.331454277038574 1.0650638569461148
3.3345375061035156 1.0650638569461148
3.338085412979126 1.0673829246972875
3.341252326965332 1.0673829246972875
3.344590902328491 1.0698413259503763
3.3481173515319824 1.0720248470925593
3.353001594543457 1.0741994494640121
3.3563830852508545 1.0741994494640121
3.3598556518554688 1.0762561777461692
3.363524913787842 1.0782794775437765
3.3667752742767334 1.0782794775437765
3.3702542781829834 1.0802467150988426
3.373584032058716 1.082486639487907
3.376983642578125 1.0842861214686548
3.3816568851470947 1.0842861214686548
3.387018918991089 1.0876306979687174
3.391695976257324 1.0876306979687174
3.394683599472046 1.0891720970246412
3.397745370864868 1.0906558568019509
3.4008026123046875 1.0906558568019509
3.4044272899627686 1.0906558568019509
3.408414840698242 1.0933708796883177
3.4122684001922607 1.0946114158699236
3.416236639022827 1.0946114158699236
3.421299457550049 1.0964741622371315
3.4248578548431396 1.0975360004981605
3.4288434982299805 1.0985137574813608
3.4324209690093994 1.0994004877932844
3.4360110759735107 1.0994004877932844
3.439955234527588 1.1002083559572011
3.44399094581604 1.1009172026303953
3.447648048400879 1.1015539696356769
3.4517366886138916 1.1015539696356769
3.455263376235962 1.1021032265752737
3.4586472511291504 1.102547383281561
3.462266683578491 1.102547383281561
3.4657647609710693 1.1032516990773023
3.468966007232666 1.1035401303567502
3.4724483489990234 1.1036465708468663
3.4755516052246094 1.1036465708468663
3.478532075881958 1.1038533857433
3.4820070266723633 1.1038932845242724
3.4856796264648438 1.1038932845242724
3.4890990257263184 1.1038554632599409
3.4922244548797607 1.1037407282454526
3.49566912651062 1.1037407282454526
3.4989264011383057 1.1035550110055194
3.502119779586792 1.103299577874597
3.5050714015960693 1.103299577874597
3.508249282836914 1.1029703649503626
3.5111474990844727 1.1029703649503626
3.5143487453460693 1.1026867925589974
3.5221030712127686 1.1017406831780432
3.5250132083892822 1.1017406831780432
3.527893543243408 1.1012162463467
3.530789613723755 1.1012162463467
3.533482074737549 1.1006474351736055
3.5373995304107666 1.100044553203738
3.540334939956665 1.100044553203738
3.5431158542633057 1.0994138009905499
3.5461878776550293 1.0994138009905499
3.549126625061035 1.0987546133166293
3.5544073581695557 1.0987546133166293
3.5573301315307617 1.0980723095973903
3.5601935386657715 1.0973802576296334
3.5629844665527344 1.0966872568091541
3.5658481121063232 1.0965053384051986
3.568687677383423 1.0959114580509932
3.571639060974121 1.0959114580509932
3.5740747451782227 1.0953095667018107
3.5770785808563232 1.0953095667018107
3.5801243782043457 1.0947129345417643
3.582977294921875 1.0941141370881924
3.586088180541992 1.0941141370881924
3.5889179706573486 1.0934032488789627
3.591862440109253 1.0934032488789627
3.594865560531616 1.0928009517857142
3.597787857055664 1.0928009517857142
3.6007022857666016 1.092197965675736
3.603848457336426 1.0915959052391042
3.6069235801696777 1.0909382601794146
3.6100034713745117 1.09052269816942
3.6126410961151123 1.09052269816942
3.615224599838257 1.0901028100466619
3.617997169494629 1.0901028100466619
3.621583938598633 1.0882032804234347
3.625138759613037 1.0875907809625458
3.628459930419922 1.0875907809625458
3.631852388381958 1.0869657837399305
3.6349620819091797 1.0863533370767435
3.637824773788452 1.0863533370767435
3.6408822536468506 1.085733652573966
3.6442456245422363 1.0851163584943961
3.648479700088501 1.084492208145807
3.6518607139587402 1.084492208145807
3.656050205230713 1.083075863494522
3.6595680713653564 1.082650860167693
3.6625638008117676 1.082650860167693
3.6652414798736572 1.082650860167693
3.668254852294922 1.0807331480579465
3.6711316108703613 1.080096295817122
3.6742751598358154 1.079463023842876
3.6779255867004395 1.079463023842876
3.6822969913482666 1.0788248497321153
3.685856580734253 1.078189202894073
3.690624713897705 1.0775489427767515
3.6935808658599854 1.076905906487669
3.6963648796081543 1.076905906487669
3.69952654838562 1.073808811333818
3.703324556350708 1.0737290025839352
3.7060999870300293 1.0729742630065282
3.7099111080169678 1.072214071686021
3.7130391597747803 1.072214071686021
3.7164340019226074 1.071457072527721
3.7203686237335205 1.0706884385284647
3.7237703800201416 1.0699315969000809
3.7273008823394775 1.0699315969000809
3.7304461002349854 1.0691638075220105
3.7332749366760254 1.0691638075220105
3.736098527908325 1.068404709200463
3.7390692234039307 1.0676365531923742
3.741926908493042 1.0676365531923742
3.7448036670684814 1.0657884422660624
3.7478837966918945 1.0657884422660624
3.7540252208709717 1.0642404066959905
3.7571277618408203 1.0642404066959905
3.759946823120117 1.063487171770303
3.762477159500122 1.063487171770303
3.7649447917938232 1.0627151407278426
3.767932176589966 1.0627151407278426
3.770998001098633 1.061412174801161
3.7741243839263916 1.0605665193233167
3.7772560119628906 1.0605665193233167
3.7805233001708984 1.059723227925548
3.7863218784332275 1.0588667599930717
3.790051221847534 1.057508365637119
3.794062376022339 1.0566555661113604
3.7978386878967285 1.0566555661113604
3.8014564514160156 1.055807992532488
3.8049821853637695 1.0549450598151915
3.80884051322937 1.054079706872888
3.812032461166382 1.054079706872888
3.8165602684020996 1.0532205290076548
3.8200411796569824 1.052361444390531
3.8233439922332764 1.052361444390531
3.8266139030456543 1.051493550425161
3.8298392295837402 1.0506216115327114
3.833017587661743 1.0506216115327114
3.8360860347747803 1.0497473436084044
3.8394765853881836 1.0491286245122826
3.842560291290283 1.0482529823547573
3.846087694168091 1.0482529823547573
3.8515005111694336 1.046502073727318
3.8549184799194336 1.046502073727318
3.8584375381469727 1.0451417365698286
3.8620190620422363 1.0442542145942044
3.8653087615966797 1.0442542145942044
3.8687915802001953 1.043357819034622
3.8724474906921387 1.043357819034622
3.875786781311035 1.0424669366568644
3.8794496059417725 1.0415676899191082
3.883565902709961 1.0400656738381953
3.8882598876953125 1.0391484813891914
3.8930563926696777 1.0382491119104507
3.8963699340820312 1.0382491119104507
3.900047779083252 1.0373422279998452
3.9034745693206787 1.036416984529575
3.906794309616089 1.0351802563941228
3.9100983142852783 1.0351802563941228
3.9135377407073975 1.0342291401405987
3.917365312576294 1.0332694642139268
3.921144962310791 1.0332694642139268
3.924208164215088 1.032319462481107
3.92775297164917 1.030978407883865
3.931004047393799 1.0309439134561715
3.935084819793701 1.0299819197520161
3.9380574226379395 1.0290086201993638
3.941154718399048 1.0290086201993638
3.9449079036712646 1.0280399598252086
3.9478585720062256 1.0280399598252086
3.95233154296875 1.026017406622836
3.9553403854370117 1.026017406622836
3.9583613872528076 1.0250447483528042
3.9611587524414062 1.0250447483528042
3.9642114639282227 1.024063198634378
3.9673478603363037 1.0230833308846528
3.970313549041748 1.0230833308846528
3.973447799682617 1.0217760386722665
3.9766135215759277 1.0217760386722665
3.9795546531677246 1.0207821763383054
3.9826977252960205 1.0197944080990906
3.9874579906463623 1.018788582329368
3.990748167037964 1.018788582329368
3.9938299655914307 1.0177855022713518
3.9970221519470215 1.0167811716137105
3.9998953342437744 1.0167811716137105
4.0030293464660645 1.0157699237982583
4.006142616271973 1.0157699237982583
4.010131597518921 1.014763783332771
4.014234304428101 1.0137481776708193
4.019915342330933 1.0133993818065736
4.023892879486084 1.012372859144519
4.027909994125366 1.011346235026847
4.031509637832642 1.010338184638852
4.035430431365967 1.0093056202587876
4.039390802383423 1.008271094465
4.043491363525391 1.0072386170198302
4.04687237739563 1.0072386170198302
4.0507190227508545 1.0062003762442202
4.0544257164001465 1.0051553955175052
4.0569281578063965 1.0041118640651894
4.059652090072632 1.0041118640651894
4.062483072280884 1.003086084061613
4.064847230911255 1.0027059842616768
4.066898822784424 1.0016677809004848
4.068964719772339 1.0016677809004848
4.0782153606414795 1.0005813885317232
4.081215858459473 0.99962958311527
4.086276054382324 0.9986720109468379
4.091075658798218 0.9986720109468379
4.095139741897583 0.9968772444110399
4.098825693130493 0.9961238847112214
4.102843761444092 0.9954084287762115
4.107409238815308 0.9954084287762115
4.111152410507202 0.9943840962581483
4.1142919063568115 0.9938669315227909
4.119238615036011 0.9938669315227909
4.12288498878479 0.993426353412938
4.126354932785034 0.9930737670006262
4.129570007324219 0.9928598042981301
4.133115291595459 0.9927414188805688
4.136387348175049 0.9927414188805688
4.139928579330444 0.9927393779696472
4.1436426639556885 0.9928540438978737
4.1473705768585205 0.9930874521460734
4.150686502456665 0.9930874521460734
4.1553637981414795 0.9928693406661725
4.158745765686035 0.9937060475784024
4.161824464797974 0.9937060475784024
4.164649963378906 0.9943140486200408
4.167610168457031 0.9943140486200408
4.171118497848511 0.9943140486200408
4.17433762550354 0.9958936056734071
4.177397727966309 0.9968689035983207
4.180085182189941 0.9968689035983207
4.182920932769775 0.997977519231101
4.186880588531494 0.997977519231101
4.189971208572388 0.9991685480753442
4.19295334815979 1.0004956313329794
4.1961753368377686 1.0004956313329794
4.1997785568237305 1.002219720640381
4.203287839889526 1.003662909089956
4.206726789474487 1.003662909089956
4.209616422653198 1.0052665103050467
4.212796926498413 1.006966815379138
4.215808153152466 1.006966815379138
4.220566272735596 1.0088317396672353
4.223824977874756 1.0107273443992548
4.22705078125 1.0107273443992548
4.230212926864624 1.012710825639059
4.2333173751831055 1.0147668436962896
4.236474275588989 1.0147668436962896
4.239614725112915 1.0168949048222649
4.242652654647827 1.0190885391905928
4.245832920074463 1.0198449509285834
4.24898886680603 1.0221577711738727
4.253572702407837 1.0245010791295899
4.256731271743774 1.0245010791295899
4.260168075561523 1.0268749181861074
4.263904333114624 1.0293319364237865
4.267481565475464 1.0317586804931524
4.271851301193237 1.0317586804931524
4.275362014770508 1.0342538001400734
4.278727293014526 1.0367935731363944
4.281968116760254 1.0367935731363944
4.287337064743042 1.0386920649301583
4.2908124923706055 1.0411839787700887
4.294296741485596 1.0448896200346713
4.29787802696228 1.0474654268294619
4.301544666290283 1.0474654268294619
4.304602384567261 1.0499677532925358
4.307673215866089 1.0524694459421409
4.310980558395386 1.0524694459421409
4.314762115478516 1.0549478965861827
4.319660902023315 1.0574157568930203
4.323107481002808 1.0598252554329937
4.326556444168091 1.0598252554329937
4.329853296279907 1.0622540420179407
4.333232164382935 1.0645797345288377
4.336523771286011 1.0645797345288377
4.340442180633545 1.067392365312359
4.3440186977386475 1.0696788342148404
4.34745192527771 1.0697235665456215
4.352997779846191 1.0741259175673974
4.3569016456604 1.0741259175673974
4.360538005828857 1.0762148624792416
4.364011526107788 1.0782568212145636
4.367368459701538 1.0802097644834823
4.370767593383789 1.0802097644834823
4.374207973480225 1.082146727170409
4.378422975540161 1.0839944620999378
4.38262414932251 1.0857469192885094
4.387629508972168 1.0874396339678087
4.391530513763428 1.0876393635581882
4.395028114318848 1.0876393635581882
4.398770809173584 1.090712218654481
4.401725769042969 1.090712218654481
4.405016183853149 1.0921250802630957
4.40827751159668 1.0921250802630957
4.411545753479004 1.0921250802630957
4.415848255157471 1.0934692130271402
4.420617341995239 1.0958912797852478
4.424356937408447 1.0958912797852478
4.42779278755188 1.0979327054887489
4.431074857711792 1.0979327054887489
4.434390544891357 1.098845716726318
4.438683986663818 1.1002612165221748
4.441899299621582 1.1002612165221748
4.445663690567017 1.1002612165221748
4.4498560428619385 1.1009809928563727
4.454083442687988 1.1016311043294225
4.457361936569214 1.10219018049879
4.460268020629883 1.1026569810541313
4.4633660316467285 1.1030365563530264
4.4663310050964355 1.1030365563530264
4.4698326587677 1.1033310700224013
4.473111629486084 1.1035386354077839
4.476112365722656 1.1035386354077839
4.479033708572388 1.1035386354077839
4.483127117156982 1.10391929447139
4.486183404922485 1.10391929447139
4.489803791046143 1.1038666527702816
4.492757797241211 1.1037820087677164
4.4953742027282715 1.1037820087677164
4.498025417327881 1.1037820087677164
4.501175880432129 1.1036126842770837
4.504347801208496 1.1036126842770837
4.507425785064697 1.103080875306526
4.510275363922119 1.103080875306526
4.513397693634033 1.103080875306526
4.5162107944488525 1.1027234776309383
4.5206193923950195 1.1023045888868286
4.523991346359253 1.1018376525456595
4.527605772018433 1.1018376525456595
4.530556917190552 1.1017765532550783
4.5330774784088135 1.1013326715548726
4.5357654094696045 1.1006272336746226
4.538430690765381 1.1000260326992641
4.541175842285156 1.1000260326992641
4.543769836425781 1.0993986035210757
4.546451807022095 1.0993986035210757
4.549178600311279 1.0987521996658713
4.553028345108032 1.0980308141517212
4.556989431381226 1.0980308141517212
4.560023307800293 1.0973866518666409
4.5626444816589355 1.096711360708213
4.565339803695679 1.096711360708213
4.568365812301636 1.0960215277180032
4.57125449180603 1.0960215277180032
4.573974132537842 1.096142869689258
4.576301574707031 1.0957324586535488
4.578912019729614 1.0953258451305292
4.581645250320435 1.0953258451305292
4.585761547088623 1.093830942064541
4.588805437088013 1.0932241805294625
4.591277122497559 1.0932241805294625
4.593836307525635 1.092623789335164
4.59648060798645 1.092623789335164
4.598931312561035 1.092623789335164
4.601736783981323 1.092013610985163
4.60446310043335 1.091402577631767
4.606863975524902 1.091402577631767
4.609333276748657 1.090795008381265
4.612006187438965 1.090795008381265
4.614480018615723 1.090176717623121
4.619031667709351 1.0889386902236642
4.621716737747192 1.0889386902236642
4.624248027801514 1.0889386902236642
4.626530647277832 1.0885208189241218
4.629035711288452 1.0885208189241218
4.631591081619263 1.08810026446561
4.633935213088989 1.0876828969662518
4.636300325393677 1.0876828969662518
4.63883638381958 1.0855023017696066
4.641349792480469 1.0855023017696066
4.643805503845215 1.0848735752499483
4.647732734680176 1.0842430591112409
4.651965856552124 1.0842430591112409
4.654650688171387 1.0836201767537066
4.657425165176392 1.083002906745273
4.659980297088623 1.083002906745273
4.663081884384155 1.0806642034894252
4.66585636138916 1.0804887713061344
4.668562889099121 1.0804887713061344
4.671834468841553 1.0798517575855024
4.675028085708618 1.0792107786304603
4.67798638343811 1.078576624614395
4.680821657180786 1.078576624614395
4.684368848800659 1.0779363770473527
4.687185287475586 1.0779363770473527
4.690002202987671 1.077295491632619
4.692408561706543 1.077295491632619
4.694836854934692 1.077295491632619
4.69730544090271 1.076657934844036
4.700113534927368 1.0760145856165373
4.703001499176025 1.0740454680798008
4.705745220184326 1.0740454680798008
4.70870304107666 1.0732838133870277
4.711699724197388 1.072363899118102
4.714396953582764 1.0716103960752152
4.719244480133057 1.070759648778678
4.7223029136657715 1.070759648778678
4.725604057312012 1.070083262294005
4.728736877441406 1.0693260584806719
4.731652736663818 1.0693260584806719
4.735337734222412 1.0685578235586226
4.738675832748413 1.0677989148038634
4.74184513092041 1.0677989148038634
4.744967699050903 1.0670332881309372
4.7486467361450195 1.06625479999738
4.75330376625061 1.06625479999738
4.756461143493652 1.0654889222281827
4.759850978851318 1.0632422226408054
4.763174057006836 1.0624089376863228
4.766571760177612 1.0624089376863228
4.770575761795044 1.0615721546130894
4.773809194564819 1.0607219751129409
4.776653289794922 1.0607219751129409
4.780128002166748 1.05987840107902
4.786807298660278 1.05987840107902
4.789451360702515 1.05987840107902
4.792782545089722 1.0590355165684235
4.795869588851929 1.0581819970926596
4.7988786697387695 1.0564905685977437
4.8014209270477295 1.0564905685977437
4.804084300994873 1.0564905685977437
4.806904315948486 1.0551295430119951
4.809497833251953 1.0542668414568557
4.812164068222046 1.05417839971039
4.814856290817261 1.0532298582908153
4.817787408828735 1.0523768775232885
4.822076797485352 1.0523768775232885
4.825062274932861 1.051518241704581
4.827844142913818 1.0506565189981032
4.83040189743042 1.0506565189981032
4.832960844039917 1.0497864594824007
4.835520267486572 1.0497864594824007
4.838054656982422 1.0497864594824007
4.841010808944702 1.0489090784454966
4.8440563678741455 1.0480275171801274
4.8471972942352295 1.0480275171801274
4.85057258605957 1.0471419142103762
4.856932163238525 1.0456809079489822
4.860182523727417 1.044668761076439
4.864206314086914 1.0437944962119943
4.867713451385498 1.0437944962119943
4.874920845031738 1.0429061973333087
4.881151914596558 1.0429061973333087
4.889766454696655 1.0429061973333087
4.893765926361084 1.0384306509991579
4.897870063781738 1.0384306509991579
4.902256488800049 1.0371208753561534
4.906250476837158 1.036210169718176
4.910146713256836 1.0349950253531799
4.91425895690918 1.034047570876045
4.920673847198486 1.0331033862090993
4.925881385803223 1.0321384552694426
4.930255889892578 1.0311870231415035
4.934068202972412 1.0302246456496338
4.937957763671875 1.0292563218890716
4.941649675369263 1.0292563218890716
4.945368528366089 1.0278393952442224
4.949693441390991 1.0278393952442224
4.955013990402222 1.0278393952442224
4.9587531089782715 1.0268650361100662
4.962498903274536 1.0249022220191066
4.96635627746582 1.0239287198256397
4.969598293304443 1.0229500290738873
4.973141670227051 1.0219616753863991
4.976382732391357 1.0219616753863991
4.980127573013306 1.0219616753863991
4.985134601593018 1.0209654383925062
4.989001750946045 1.0186276877492606
4.992077350616455 1.0186276877492606
4.9955973625183105 1.0176280675765959
4.999055624008179 1.0166236246687097
5.002322196960449 1.0166236246687097
5.005421876907349 1.015615829773638
5.008991479873657 1.0146117128623318
5.012654542922974 1.0146117128623318
5.015775680541992 1.0135930030406317
5.021411657333374 1.0124827713852218
5.024796724319458 1.0115575877655287
5.028146505355835 1.010526819329824
5.031668186187744 1.010526819329824
5.035256624221802 1.009097891268854
5.038441181182861 1.0080631713600556
5.0415894985198975 1.0080631713600556
5.044400453567505 1.0070344044878752
5.047231197357178 1.0070344044878752
5.051867485046387 1.0059986215642078
5.055134057998657 1.0049611364824331
5.05864405632019 1.0049611364824331
5.0617828369140625 1.0039176189054417
5.064879894256592 1.0028797939549248
5.0679612159729 1.0028797939549248
5.0713584423065186 1.0028797939549248
5.074604034423828 1.0007992684048834
5.077790975570679 1.000417361116239
5.08069109916687 0.9994147032587444
5.0840003490448 0.9984533429214042
5.08796501159668 0.9984533429214042
5.090930223464966 0.997536909039709
5.093685626983643 0.9966970996453322
5.096251726150513 0.9966970996453322
5.098766088485718 0.9959205662591875
5.101282835006714 0.9959205662591875
5.104027509689331 0.9952244158266544
5.106441259384155 0.9952244158266544
5.1089818477630615 0.9946054057811881
5.111784934997559 0.9946054057811881
5.114192485809326 0.9940799709603785
5.118675470352173 0.9936421021632743
5.121593952178955 0.9936421021632743
5.12393593788147 0.9933173249913837
5.126289129257202 0.9933173249913837
5.128750562667847 0.9926726223660968
5.130825996398926 0.9926726223660968
5.1332008838653564 0.9925583439994093
5.135440349578857 0.9925583439994093
5.138115406036377 0.992558697949472
5.140375375747681 0.992558697949472
5.142599582672119 0.992558697949472
5.145267009735107 0.9926757379703824
5.148164987564087 0.992914206704229
5.1516029834747314 0.992914206704229
5.155191659927368 0.9932959619997548
5.158712387084961 0.9937630310894578
5.161672353744507 0.9937630310894578
5.165055990219116 0.9943546914139357
5.168363332748413 0.995089130673585
5.171604633331299 0.995089130673585
5.1749725341796875 0.9959340760363824
5.179208993911743 0.9969689079989087
5.184925556182861 0.9969689079989087
5.188478946685791 0.9980688122004888
5.192254066467285 0.9996281545503455
5.196092128753662 1.0010069872586447
5.199596166610718 1.0010069872586447
5.2028422355651855 1.0024504128519376
5.2059783935546875 1.0040066556360459
5.209402561187744 1.0040066556360459
5.212618350982666 1.005680787416706
5.216485261917114 1.0074446311669845
5.220338344573975 1.009278689432723
5.223548889160156 1.009278689432723
5.226732969284058 1.011191580759143
5.229916572570801 1.0138550326171203
5.233289003372192 1.013893472183639
5.236722707748413 1.0160219031691387
5.239454030990601 1.0182111798249909
5.242244482040405 1.0182111798249909
5.244817733764648 1.020474886332097
5.247698545455933 1.020474886332097
5.250906467437744 1.02281013849853
5.25407338142395 1.02281013849853
5.258069276809692 1.025172199626413
5.262695550918579 1.0276342144729136
5.267004489898682 1.0276342144729136
5.271524667739868 1.029541836297256
5.276795864105225 1.0354564896259997
5.280596494674683 1.0378743341311318
5.287649631500244 1.0404394518114644
5.292275428771973 1.0429380631015468
5.2970545291900635 1.0454830616812503
5.301307678222656 1.0479822443759528
5.305215358734131 1.0505178558328212
5.309732437133789 1.0530261147399416
5.314616918563843 1.0555121064241737
5.320066213607788 1.057992753462828
5.3242034912109375 1.057992753462828
5.328121662139893 1.0609298656995154
5.332120656967163 1.0632858976768444
5.336496114730835 1.0656294617932522
5.340330362319946 1.0679466871610217
5.343706846237183 1.0679466871610217
5.347226619720459 1.0701842537021506
5.352769136428833 1.0723948442818532
5.356137752532959 1.074516197054722
5.359588861465454 1.0766100500229852
5.362548351287842 1.0766100500229852
5.365664005279541 1.0786206706238257
5.368681192398071 1.0786206706238257
5.371574878692627 1.0788966449941413
5.374537706375122 1.0827632734038923
5.37738037109375 1.0827632734038923
5.380163192749023 1.0846199252560913
5.38427209854126 1.0846199252560913
5.387471914291382 1.0863235802438895
5.390134811401367 1.0879368431467205
5.3931074142456055 1.0879368431467205
5.396227836608887 1.089484859274349
5.399410963058472 1.0909571002580807
5.402559757232666 1.0909571002580807
5.406007528305054 1.0923467219265832
5.409875869750977 1.0936543932014438
5.41492486000061 1.094882478040763
5.419849634170532 1.0960238839012242
5.423514127731323 1.0966306449968277
5.426799058914185 1.0976792463742677
5.4303295612335205 1.0986454225720128
5.433708429336548 1.0986454225720128
5.437135696411133 1.099535115896904
5.440852165222168 1.1003253032808575
5.444213628768921 1.1003253032808575
5.447905778884888 1.101037164682871
5.453448534011841 1.1016578946117488
5.457643747329712 1.1021815168677325
5.461235523223877 1.1026222115962347
5.4649128913879395 1.1029785985712086
5.468700408935547 1.1033102919955429
5.472482204437256 1.103589155692243
5.476160764694214 1.1037598376378008
5.479937791824341 1.1037598376378008
5.486026048660278 1.1038806498173783
5.490219593048096 1.1038286242908046
5.49425196647644 1.1038286242908046
5.497830867767334 1.1036984967388317
5.501312494277954 1.1034971860064493
5.504666328430176 1.1032262265519484
5.508084297180176 1.1032262265519484
5.511352777481079 1.1028869692601917
5.515111684799194 1.1025854533308677
5.520812273025513 1.1021173691905257
5.523946285247803 1.1021173691905257
5.5266945362091064 1.1021173691905257
5.529326677322388 1.1016363563355618
5.532290458679199 1.1011109600317908
5.535289287567139 1.1005280852776083
5.5382184982299805 1.1005280852776083
5.541200876235962 1.0999160083877226
5.544310569763184 1.0999160083877226
5.547506332397461 1.0992830051444311
5.551378488540649 1.0986191244424
5.555450916290283 1.0979347095560719
5.558351039886475 1.0979347095560719
5.561316728591919 1.0975325165255307
5.563918828964233 1.0975325165255307
5.56650447845459 1.097126504621448
5.569873809814453 1.096721288295702
5.572415351867676 1.096721288295702
5.574918508529663 1.0951930748041612
5.5778374671936035 1.0951930748041612
5.580336809158325 1.0945950442536043
5.583128452301025 1.0945950442536043
5.586641311645508 1.0939835274134415
5.5894200801849365 1.0939835274134415
5.592068672180176 1.0933912509101973
5.595245599746704 1.092788147687002
5.598210573196411 1.092788147687002
5.600914239883423 1.0921765337027127
5.604266881942749 1.0921765337027127
5.60706639289856 1.0910667431378334
5.610366106033325 1.0906458909899095
5.6137237548828125 1.0906458909899095
5.618445873260498 1.0902240480045147
5.621742486953735 1.0902240480045147
5.62553858757019 1.0876804925451813
5.628643274307251 1.0876804925451813
5.632614850997925 1.0870648244109873
5.6356542110443115 1.0864614344885917
5.638646125793457 1.0864614344885917
5.641430616378784 1.0858356709056094
5.645120620727539 1.0852174861285926
5.648168563842773 1.0852174861285926
5.651824951171875 1.0844744791824776
5.654619455337524 1.0840488592962056
5.658311367034912 1.0836237289043755
5.6613380908966064 1.0816770822674284
5.664237022399902 1.0816770822674284
5.667206048965454 1.0810499527828505
5.670314788818359 1.0804074128025993
5.67310357093811 1.0804074128025993
5.675476551055908 1.0804074128025993
5.678500175476074 1.079777502788332
5.6813671588897705 1.079135553790646
5.685190439224243 1.079135553790646
5.687880754470825 1.0784217546946495
5.6904730796813965 1.0777868406598243
5.693485736846924 1.0777868406598243
5.696091175079346 1.0771489895584696
5.699106693267822 1.0746851327181073
5.702108383178711 1.0739346789311663
5.704717397689819 1.0739346789311663
5.707247257232666 1.0731882919962585
5.709957599639893 1.0731882919962585
5.712448596954346 1.072433362736795
5.715428590774536 1.0716738773688144
5.719112873077393 1.0716738773688144
5.722017288208008 1.070916114293683
5.724553108215332 1.070916114293683
5.72715950012207 1.070916114293683
5.72957968711853 1.070916114293683
5.73222017288208 1.069396257944087
5.73475980758667 1.069396257944087
5.73738694190979 1.0686417792473866
5.740144729614258 1.0686417792473866
5.745407342910767 1.0660186660538413
5.748610019683838 1.0660186660538413
5.753048419952393 1.0652412149719996
5.756137371063232 1.0652412149719996
5.759377479553223 1.0644627610785287
5.762439489364624 1.0636928152432361
5.765660285949707 1.0629248097683917
5.769029140472412 1.0629248097683917
5.772034168243408 1.0615022586932032
5.775429725646973 1.0606627045972379
5.778614044189453 1.0606627045972379
5.781710863113403 1.059810988776836
5.786255121231079 1.058352692557481
5.790017604827881 1.058352692557481
5.79341459274292 1.0574998372771593
5.796921253204346 1.0566488432079872
5.800157070159912 1.0566488432079872
5.803439617156982 1.0557927899494222
5.806923151016235 1.0549281697136086
5.810108661651611 1.0549281697136086
5.815013647079468 1.0540676086151441
5.819619655609131 1.0532031188164135
5.823211669921875 1.0532031188164135
5.826364040374756 1.0514677396748904
5.829942226409912 1.0514677396748904
5.833345174789429 1.0500619062652665
5.836550712585449 1.0500619062652665
5.839855909347534 1.0491936663616195
5.843191862106323 1.0491936663616195
5.846653461456299 1.0483089191928625
5.850538492202759 1.0474345803862337
5.854508638381958 1.046541614841547
5.858321189880371 1.0455468531287966
5.862211227416992 1.0446666406523948
5.865277051925659 1.0446666406523948
5.868449926376343 1.0437875787530144
5.8718483448028564 1.0428782341250142
5.875168085098267 1.0428782341250142
5.87851619720459 1.0413893945539079
5.882204055786133 1.0404771015310574
5.886849641799927 1.0395943687750018
5.890020370483398 1.0395943687750018
5.893234729766846 1.038703551783802
5.896397352218628 1.038703551783802
5.899879455566406 1.0377934386297911
5.903645753860474 1.0368909184965132
5.9071128368377686 1.0356057941531918
5.911375999450684 1.0346610513322931
5.915560007095337 1.0346610513322931
5.920430898666382 1.033706564363218
5.9245874881744385 1.0327339003854654
5.928848505020142 1.0314072800010703
5.9326252937316895 1.0304408488999526
5.936017990112305 1.0304408488999526
5.939519643783569 1.029479655494964
5.943392515182495 1.0285148320077928
5.947133779525757 1.0275461801452697
5.952162027359009 1.0265579271451029
5.956038236618042 1.0265579271451029
5.959638595581055 1.0255831262064588
5.963337182998657 1.0246010189114108
5.96691107749939 1.0236171467682595
5.970335245132446 1.0236171467682595
5.973829507827759 1.0222498976277616
5.976853609085083 1.0222498976277616
5.980138540267944 1.0212442427812172
5.9867448806762695 1.0192398377980734
5.9899678230285645 1.0192398377980734
5.993136405944824 1.0182562742494268
5.996072769165039 1.0182562742494268
5.9992194175720215 1.017247796536813
6.002137660980225 1.0162556496157202
6.0051867961883545 1.0162556496157202
6.007983684539795 1.0162556496157202
6.010897874832153 1.0152360101154467
6.014138698577881 1.014217273838029
6.017981290817261 1.014217273838029
6.021441221237183 1.0127828072563159
6.025023460388184 1.0117806168196288
6.028365135192871 1.0107482239240098
6.031384229660034 1.0107482239240098
6.034234046936035 1.009725524811493
6.037282943725586 1.0086911350013439
6.040271520614624 1.0086911350013439
6.0432586669921875 1.0076833576582775
6.0461585521698 1.0076833576582775
6.049492597579956 1.0066455710300042
6.05360221862793 1.0055596052073381
6.056832790374756 1.0055596052073381
6.059920072555542 1.0045695768409617
6.063343524932861 1.0035150283606693
6.066721439361572 1.0024627840349087
6.070517539978027 1.0020665599962513
6.072961091995239 1.0010317743188908
6.077824354171753 0.999897803289451
6.082688093185425 0.9988849393655617
6.088736295700073 0.9978930408660195
6.093023777008057 0.9970054630502942
6.097321510314941 0.9962262803981353
6.101709842681885 0.9962262803981353
6.1048243045806885 0.9954863013240411
6.108760595321655 0.9948329850682114
6.112698316574097 0.9942650549266284
6.115808963775635 0.9942650549266284
6.120864391326904 0.9934324215920907
6.124469041824341 0.9930551640387782
6.127374887466431 0.9930551640387782
6.130086421966553 0.9927834691740243
6.132901668548584 0.9927834691740243
6.135721683502197 0.9927834691740243
6.139042615890503 0.9925780887521038
6.142294883728027 0.9926473510555075
6.145106315612793 0.9926473510555075
6.148136138916016 0.9928326240512634
6.1516101360321045 0.9928326240512634
6.1547629833221436 0.9931426186715834
6.1578028202056885 0.9935684035908547
6.160609483718872 0.9935684035908547
6.1634743213653564 0.994112469886195
6.16623330116272 0.994112469886195
6.169679641723633 0.9947543330186428
6.172683238983154 0.9947543330186428
6.175620079040527 0.9955550649279762
6.17963981628418 0.9964703579828935
6.182877540588379 0.9975077591609477
6.187801361083984 0.9975077591609477
6.191112041473389 0.9986674061063027
6.1943440437316895 0.9999480837344835
6.19770884513855 1.0013175962649208
6.201157331466675 1.0013175962649208
6.204318284988403 1.002787745692234
6.207589149475098 1.0043534328603827
6.210448980331421 1.0043534328603827
6.213721752166748 1.006454717488908
6.217304706573486 1.006454717488908
6.220430850982666 1.0082836799509427
6.224441289901733 1.0102256914370173
6.227964878082275 1.0119149180682736
6.231321811676025 1.0119149180682736
6.235645055770874 1.0139412194910455
6.239875793457031 1.0160459577616443
6.2444188594818115 1.018223380753211
6.248575687408447 1.0204429016793213
6.253167152404785 1.0204429016793213
6.2572362422943115 1.021252079591318
6.260725259780884 1.0236051358356846
6.264181137084961 1.02839190140342
6.268550395965576 1.0308652099631932
6.2730162143707275 1.0333533724101387
6.276535749435425 1.0333533724101387
6.279771327972412 1.0358484436441993
6.284535646438599 1.0358484436441993
6.287978649139404 1.0383729527792986
6.291411876678467 1.0409269102666854
6.295746564865112 1.0434742968623978
6.298835754394531 1.0459855325674
6.302120208740234 1.0489380922846387
6.305539846420288 1.0489380922846387
6.31010627746582 1.0514584351214626
6.314902067184448 1.053945629777582
6.320799350738525 1.0564663812816926
6.32580041885376 1.059173712031007
6.329899787902832 1.0615962242004742
6.333524227142334 1.0639856027190848
6.337359189987183 1.0639856027190848
6.342181444168091 1.06631552724446
6.346851110458374 1.0685786856327104
6.352153062820435 1.0713333398589333
6.357166051864624 1.0739374240998751
6.362225532531738 1.0760272868756813
6.366902589797974 1.0760272868756813
6.371987581253052 1.0780593158791982
6.37741231918335 1.0819741301713843
6.38259220123291 1.0838233068553984
6.389628171920776 1.087241138564903
6.393848896026611 1.0888712119310329
6.397930145263672 1.0890376034575249
6.4018073081970215 1.0905374310570983
6.405580520629883 1.0919606505496007
6.409364223480225 1.0932909038435972
6.412640810012817 1.0932909038435972
6.416137456893921 1.0945475319727709
6.421400308609009 1.0960348899576269
6.42499566078186 1.0968109231066825
6.4280383586883545 1.0968109231066825
6.4309468269348145 1.0968109231066825
6.434013605117798 1.097816585018664
6.436949253082275 1.098725457580343
6.440568685531616 1.0995614694839044
6.4439537525177 1.1002962064718096
6.449011564254761 1.1008905021542335
6.453815937042236 1.1021198746518213
6.456892728805542 1.1021198746518213
6.460187196731567 1.1025984823142503
6.463629961013794 1.1029840403920397
6.466663122177124 1.1029840403920397
6.4696314334869385 1.103290595516805
6.472949981689453 1.103290595516805
6.476052284240723 1.1035138047950264
6.478876352310181 1.1036527791869293
6.482139348983765 1.1036527791869293
6.48734188079834 1.1039189479286116
